0,399
0,306
0,391
0,305
0,304
0,303
0,733
0,319
0,12
0,757
0,10
0,8
0,0
0,301
0,389
0,388
0,300
0,435
0,511
0,299
0,577
0,510
0,298
0,630
0,509
0,297
0,434
0,576
0,296
0,507
0,506
0,295
0,421
0,505
0,294
0,326
0,504
0,293
0,587
0,503
0,292
0,601
0,325
0,291
0,501
0,500
0,290
0,413
0,499
0,289
0,322
0,498
0,288
0,623
0,497
0,287
0,369
0,320
0,286
0,495
0,494
0,285
0,411
0,493
0,284
0,315
0,492
0,283
0,610
0,491
0,282
0,409
0,313
0,281
0,488
0,487
0,280
0,393
0,279
0,308
0,485
0,278
0,604
0,484
0,277
0,508
0,307
0,276
0,481
0,480
0,275
0,496
0,479
0,274
0,380
0,478
0,273
0,596
0,477
0,272
0,468
0,378
0,271
0,474
0,473
0,270
0,565
0,519
0,269
0,372
0,471
0,268
0,548
0,470
0,267
0,541
0,371
0,266
0,467
0,466
0,265
0,595
0,512
0,264
0,367
0,464
0,263
0,594
0,463
0,262
0,639
0,365
0,261
0,461
0,460
0,260
0,635
0,381
0,259
0,360
0,458
0,258
0,622
0,457
0,257
0,617
0,359
0,256
0,455
0,454
0,255
0,605
0,254
0,354
0,452
0,253
0,634
0,451
0,252
0,599
0,353
0,251
0,448
0,423
0,250
0,586
0,447
0,249
0,349
0,446
0,248
0,445
0,482
0,247
0,578
0,348
0,246
0,346
0,386
0,245
0,334
0,405
0,244
0,442
0,734
0,419
0,310
0,242
0,45
0,1
0,9
0,441
0,243
0,414
0,403
0,241
0,449
0,431
0,240
0,575
0,410
0,239
0,340
0,625
0,238
0,572
0,571
0,237
0,333
0,490
0,236
0,439
0,438
0,235
0,437
0,436
0,234
0,621
0,233
0,569
0,430
0,232
0,462
0,636
0,231
0,567
0,230
0,619
0,566
0,229
0,459
0,618
0,228
0,564
0,563
0,227
0,574
0,573
0,226
0,561
0,225
0,616
0,560
0,224
0,476
0,223
0,558
0,557
0,222
0,559
0,632
0,221
0,555
0,220
0,613
0,554
0,219
0,472
0,612
0,218
0,551
0,407
0,217
0,536
0,749
0,216
0,550
0,425
0,215
0,549
0,424
0,214
0,609
0,422
0,213
0,546
0,420
0,212
0,443
0,417
0,211
0,544
0,415
0,210
0,543
0,408
0,209
0,606
0,406
0,208
0,540
0,404
0,207
0,401
0,206
0,538
0,398
0,205
0,537
0,395
0,204
0,628
0,392
0,203
0,534
0,390
0,202
0,742
0,387
0,201
0,532
0,384
0,200
0,531
0,382
0,199
0,600
0,379
0,198
0,529
0,375
0,197
0,368
0,196
0,527
0,366
0,195
0,526
0,364
0,194
0,598
0,361
0,193
0,523
0,358
0,192
0,738
0,355
0,63
0,521
0,352
0,62
0,520
0,350
0,61
0,433
0,347
0,60
0,590
0,344
0,59
0,311
0,342
0,58
0,516
0,339
0,57
0,515
0,337
0,56
0,588
0,331
0,55
0,513
0,329
0,54
0,719
0,327
0,53
0,429
0,324
0,52
0,427
0,321
0,51
0,582
0,318
0,50
0,400
0,314
0,49
0,385
0,312
0,48
0,397
0,309
0,47
0,396
0,302
0,46
0,579
0,394
0,6
0,5
0,11
0,4
0,2
0,3
0,7
